           1   270.079405821364     
           2   2160.14165881136     
           3   4317.65151775542     
           4   6469.90098340876     
           5   8614.26787132536     
           6   10748.1396007671     
           7   12868.9163777291     
           8   14974.0143623897     
           9   17060.8688171197     
          10   19126.9372312218     
          11   21169.7024185858     
          12   23186.6755844959     
          13   25175.3993578396     
          14   27133.4507850390     
          15   29058.4442820443     
          16   30948.0345408021     
          17   32799.9193866516     
          18   34611.8425831684     
          19   36381.5965810433     
          20   38107.0252076395     
          21   39786.0262939577     
          22   41416.5542358037     
          23   42996.6224860450     
          24   44524.3059749085     
          25   45997.7434553859     
          26   47415.1397708716     
          27   48774.7680422888     
          28   50074.9717720239     
          29   51314.1668621125     
          30   52490.8435442215     
          31   53603.5682190659     
          32   54650.9852030327     
          33   55631.8183798681     
          34   56544.8727554324     
          35   57389.0359136143     
          36   58163.2793716385     
          37   58866.6598331150     
          38   59498.3203372986     
          39   60057.4913031647     
          40   60543.4914670254     
          41   60955.7287125434     
          42   61293.7007921354     
          43   61556.9959388829     
          44   61745.2933682073     
          45   61858.3636686959     
          46   61896.0690816046     
          47   61858.3636686959     
          48   61745.2933682073     
          49   61556.9959388829     
          50   61293.7007921354     
          51   60955.7287125434     
          52   60543.4914670254     
          53   60057.4913031647     
          54   59498.3203372986     
          55   58866.6598331150     
          56   58163.2793716385     
          57   57389.0359136143     
          58   56544.8727554324     
          59   55631.8183798681     
          60   54650.9852030327     
          61   53603.5682190659     
          62   52490.8435442215     
          63   51314.1668621125     
          64   50074.9717720239     
          65   48774.7680422888     
          66   47415.1397708716     
          67   45997.7434553859     
          68   44524.3059749085     
          69   42996.6224860450     
          70   41416.5542358037     
          71   39786.0262939577     
          72   38107.0252076395     
          73   36381.5965810433     
          74   34611.8425831684     
          75   32799.9193866516     
          76   30948.0345408021     
          77   29058.4442820443     
          78   27133.4507850390     
          79   25175.3993578396     
          80   23186.6755844959     
          81   21169.7024185858     
          82   19126.9372312218     
          83   17060.8688171197     
          84   14974.0143623897     
          85   12868.9163777291     
          86   10748.1396007671     
          87   8614.26787132536     
          88   6469.90098340876     
          89   4317.65151775542     
          90   2160.14165881136     
          91   270.079405821364     
