
Grid box longitude centers [degrees]: 
-180.000 -177.500 -175.000 -172.500 -170.000 -167.500 -165.000 -162.500
-160.000 -157.500 -155.000 -152.500 -150.000 -147.500 -145.000 -142.500
-140.000 -137.500 -135.000 -132.500 -130.000 -127.500 -125.000 -122.500
-120.000 -117.500 -115.000 -112.500 -110.000 -107.500 -105.000 -102.500
-100.000  -97.500  -95.000  -92.500  -90.000  -87.500  -85.000  -82.500
 -80.000  -77.500  -75.000  -72.500  -70.000  -67.500  -65.000  -62.500
 -60.000  -57.500  -55.000  -52.500  -50.000  -47.500  -45.000  -42.500
 -40.000  -37.500  -35.000  -32.500  -30.000  -27.500  -25.000  -22.500
 -20.000  -17.500  -15.000  -12.500  -10.000   -7.500   -5.000   -2.500
   0.000    2.500    5.000    7.500   10.000   12.500   15.000   17.500
  20.000   22.500   25.000   27.500   30.000   32.500   35.000   37.500
  40.000   42.500   45.000   47.500   50.000   52.500   55.000   57.500
  60.000   62.500   65.000   67.500   70.000   72.500   75.000   77.500
  80.000   82.500   85.000   87.500   90.000   92.500   95.000   97.500
 100.000  102.500  105.000  107.500  110.000  112.500  115.000  117.500
 120.000  122.500  125.000  127.500  130.000  132.500  135.000  137.500
 140.000  142.500  145.000  147.500  150.000  152.500  155.000  157.500
 160.000  162.500  165.000  167.500  170.000  172.500  175.000  177.500

Grid box longitude edges [degrees]: 
-181.250 -178.750 -176.250 -173.750 -171.250 -168.750 -166.250 -163.750
-161.250 -158.750 -156.250 -153.750 -151.250 -148.750 -146.250 -143.750
-141.250 -138.750 -136.250 -133.750 -131.250 -128.750 -126.250 -123.750
-121.250 -118.750 -116.250 -113.750 -111.250 -108.750 -106.250 -103.750
-101.250  -98.750  -96.250  -93.750  -91.250  -88.750  -86.250  -83.750
 -81.250  -78.750  -76.250  -73.750  -71.250  -68.750  -66.250  -63.750
 -61.250  -58.750  -56.250  -53.750  -51.250  -48.750  -46.250  -43.750
 -41.250  -38.750  -36.250  -33.750  -31.250  -28.750  -26.250  -23.750
 -21.250  -18.750  -16.250  -13.750  -11.250   -8.750   -6.250   -3.750
  -1.250    1.250    3.750    6.250    8.750   11.250   13.750   16.250
  18.750   21.250   23.750   26.250   28.750   31.250   33.750   36.250
  38.750   41.250   43.750   46.250   48.750   51.250   53.750   56.250
  58.750   61.250   63.750   66.250   68.750   71.250   73.750   76.250
  78.750   81.250   83.750   86.250   88.750   91.250   93.750   96.250
  98.750  101.250  103.750  106.250  108.750  111.250  113.750  116.250
 118.750  121.250  123.750  126.250  128.750  131.250  133.750  136.250
 138.750  141.250  143.750  146.250  148.750  151.250  153.750  156.250
 158.750  161.250  163.750  166.250  168.750  171.250  173.750  176.250
 178.750

Grid box latitude centers [degrees]: 
 -89.500  -88.000  -86.000  -84.000  -82.000  -80.000  -78.000  -76.000
 -74.000  -72.000  -70.000  -68.000  -66.000  -64.000  -62.000  -60.000
 -58.000  -56.000  -54.000  -52.000  -50.000  -48.000  -46.000  -44.000
 -42.000  -40.000  -38.000  -36.000  -34.000  -32.000  -30.000  -28.000
 -26.000  -24.000  -22.000  -20.000  -18.000  -16.000  -14.000  -12.000
 -10.000   -8.000   -6.000   -4.000   -2.000    0.000    2.000    4.000
   6.000    8.000   10.000   12.000   14.000   16.000   18.000   20.000
  22.000   24.000   26.000   28.000   30.000   32.000   34.000   36.000
  38.000   40.000   42.000   44.000   46.000   48.000   50.000   52.000
  54.000   56.000   58.000   60.000   62.000   64.000   66.000   68.000
  70.000   72.000   74.000   76.000   78.000   80.000   82.000   84.000
  86.000   88.000   89.500

Grid box latitude edges [degrees]: 
 -90.000  -89.000  -87.000  -85.000  -83.000  -81.000  -79.000  -77.000
 -75.000  -73.000  -71.000  -69.000  -67.000  -65.000  -63.000  -61.000
 -59.000  -57.000  -55.000  -53.000  -51.000  -49.000  -47.000  -45.000
 -43.000  -41.000  -39.000  -37.000  -35.000  -33.000  -31.000  -29.000
 -27.000  -25.000  -23.000  -21.000  -19.000  -17.000  -15.000  -13.000
 -11.000   -9.000   -7.000   -5.000   -3.000   -1.000    1.000    3.000
   5.000    7.000    9.000   11.000   13.000   15.000   17.000   19.000
  21.000   23.000   25.000   27.000   29.000   31.000   33.000   35.000
  37.000   39.000   41.000   43.000   45.000   47.000   49.000   51.000
  53.000   55.000   57.000   59.000   61.000   63.000   65.000   67.000
  69.000   71.000   73.000   75.000   77.000   79.000   81.000   83.000
  85.000   87.000   89.000   90.000
 %%% TRACER MENU %%%     :                                                      
